Lat: 31.357101
Long:  -83.532721